[0.05758905 0.94241095]
[0.32932173 0.67067827]
[0.25290131 0.74709869]
[0.46571677 0.53428323]
[0.16189263 0.83810737]
[0.15776092 0.84223908]
[0.02298273 0.97701727]
[0.26604618 0.73395382]
[0.38641065 0.61358935]
[0.16237835 0.83762165]
[0.32219777 0.67780223]
[0.30505523 0.69494477]
[0.03326501 0.96673499]
[0.1157781 0.8842219]
[0.19612746 0.80387254]
[0.03700242 0.96299758]
[0.31730897 0.68269103]
[0.07864785 0.92135215]
[0.4055428 0.5944572]
[0.19625667 0.80374333]
[0.21408344 0.78591656]
[0.15295453 0.84704547]
[0.26322812 0.73677188]
[0.25524423 0.74475577]
[0.39416107 0.60583893]
[0.42239294 0.57760706]
[0.47412511 0.52587489]
[0.33053589 0.66946411]
[0.48952488 0.51047512]
[0.35782994 0.64217006]
[0.37218436 0.62781564]
[0.44833033 0.55166967]
[0.49949126 0.50050874]
[0.19587654 0.80412346]
[0.42112198 0.57887802]
[0.40750038 0.59249962]
[0.39839426 0.60160574]
[0.07250233 0.92749767]
[0.43396678 0.56603322]
[0.31130858 0.68869142]
[0.41440949 0.58559051]
[0.14304644 0.85695356]
[0.14193898 0.85806102]
[0.21142397 0.78857603]
[0.41234282 0.58765718]
[0.47541203 0.52458797]
[0.49158063 0.50841937]
[0.25222828 0.74777172]
[0.12221525 0.87778475]
[0.17848495 0.82151505]
[0.18798584 0.81201416]
[0.37137737 0.62862263]
[0.39156811 0.60843189]
[0.29240319 0.70759681]
[0.23761632 0.76238368]
[0.2177689 0.7822311]
[0.31022193 0.68977807]
[0.07082913 0.92917087]
[0.01250771 0.98749229]
[0.30459909 0.69540091]
[0.29712872 0.70287128]
[0.16946972 0.83053028]
[0.3766813 0.6233187]
[0.21182054 0.78817946]
[0.31791846 0.68208154]
[0.38402684 0.61597316]
[0.42351109 0.57648891]
[0.0977024 0.9022976]
[0.30231471 0.69768529]
[0.44023959 0.55976041]
[0.27529668 0.72470332]
[0.14660877 0.85339123]
[0.23018826 0.76981174]
[0.48491029 0.51508971]
[0.23157341 0.76842659]
[0.24949779 0.75050221]
[0.1549127 0.8450873]
[0.27528372 0.72471628]
[0.28560925 0.71439075]
[0.34256432 0.65743568]
[0.34059212 0.65940788]
[0.24841315 0.75158685]
[0.27422124 0.72577876]
[0.42276249 0.57723751]
[0.25642031 0.74357969]
[0.44043821 0.55956179]
[0.16561937 0.83438063]
[0.35349691 0.64650309]
[0.16064773 0.83935227]
[0.03767838 0.96232162]
[0.1678141 0.8321859]
[0.21908106 0.78091894]
[0.29309841 0.70690159]
[0.06672933 0.93327067]
[0.11948376 0.88051624]
[0.18583321 0.81416679]
[0.07674842 0.92325158]
[0.20817324 0.79182676]
[0.18149244 0.81850756]
[0.38629128 0.61370872]
[0.46121653 0.53878347]
[0.36709168 0.63290832]
[0.45912593 0.54087407]
[0.19231369 0.80768631]
[0.42317801 0.57682199]
[0.47260451 0.52739549]
[0.2478802 0.7521198]
[0.43058211 0.56941789]
[0.14562974 0.85437026]
[0.43724841 0.56275159]
[0.39178238 0.60821762]
[0.35197353 0.64802647]
[0.43672622 0.56327378]
[0.35529729 0.64470271]
[0.09207109 0.90792891]
[0.2995543 0.7004457]
[0.24659134 0.75340866]
[0.11783909 0.88216091]
[0.17634579 0.82365421]
[0.44434086 0.55565914]
[0.13307405 0.86692595]
[0.31787694 0.68212306]
[0.20904098 0.79095902]
[0.24817466 0.75182534]
[0.06853125 0.93146875]
[0.39722835 0.60277165]
[0.02544373 0.97455627]
[0.20423631 0.79576369]
[0.21655156 0.78344844]
[0.05683045 0.94316955]
[0.23520654 0.76479346]
[0.53032702 0.46967298]
[0.41561927 0.58438073]
[0.31045029 0.68954971]
[0.53085213 0.46914787]
[0.35029061 0.64970939]
[0.16311338 0.83688662]
[0.35285954 0.64714046]
[0.45836058 0.54163942]
[0.50502836 0.49497164]
[0.1761978 0.8238022]
[0.34374115 0.65625885]
[0.42772956 0.57227044]
[0.21245484 0.78754516]
[0.0723462 0.9276538]
[0.42575074 0.57424926]
[0.50008044 0.49991956]
[0.06812071 0.93187929]
[0.30354434 0.69645566]
[0.32262155 0.67737845]
[0.03390708 0.96609292]
[0.1641888 0.8358112]
[0.03480055 0.96519945]
[0.35504994 0.64495006]
[0.39759101 0.60240899]
[0.42144996 0.57855004]
[0.27283999 0.72716001]
[0.13253302 0.86746698]
[0.26652645 0.73347355]
[0.21517559 0.78482441]
[0.06692713 0.93307287]
[0.51112983 0.48887017]
[0.41564394 0.58435606]
[0.30743816 0.69256184]
[0.40955677 0.59044323]
[0.16658916 0.83341084]
[0.2233613 0.7766387]
[0.19079485 0.80920515]
[0.35583537 0.64416463]
[0.5375706 0.4624294]
[0.50937814 0.49062186]
[0.31689181 0.68310819]
[0.40108871 0.59891129]
[0.06787709 0.93212291]
[0.27269365 0.72730635]
[0.28032996 0.71967004]
[0.27939351 0.72060649]
[0.15274189 0.84725811]
[0.12043955 0.87956045]
[0.14075538 0.85924462]
[0.08417846 0.91582154]
[0.37489334 0.62510666]
[0.37029354 0.62970646]
[0.27237288 0.72762712]
[0.43964076 0.56035924]
[0.26202018 0.73797982]
[0.29168408 0.70831592]
[0.22970109 0.77029891]
[0.06026788 0.93973212]
[0.40490748 0.59509252]
[0.50528599 0.49471401]
[0.38905056 0.61094944]
[0.29767287 0.70232713]
[0.21389034 0.78610966]
[0.3651827 0.6348173]
[0.35537008 0.64462992]
[0.14386683 0.85613317]
[0.2848255 0.7151745]
[0.20946876 0.79053124]
[0.09215087 0.90784913]
[0.22039861 0.77960139]
[0.06154748 0.93845252]
[0.35268861 0.64731139]
[0.23629255 0.76370745]
[0.35802113 0.64197887]
[0.06533913 0.93466087]
[0.35845499 0.64154501]
[0.32010329 0.67989671]
[0.2671673 0.7328327]
[0.18299113 0.81700887]
[0.24433032 0.75566968]
[0.11507525 0.88492475]
[0.09580295 0.90419705]
[0.24374049 0.75625951]
[0.29986629 0.70013371]
[0.20485517 0.79514483]
[0.18056738 0.81943262]
[0.43535646 0.56464354]
[0.06730141 0.93269859]
[0.47280495 0.52719505]
[0.25937457 0.74062543]
[0.10116199 0.89883801]
[0.19574143 0.80425857]
[0.28231113 0.71768887]
[0.33183228 0.66816772]
[0.32994604 0.67005396]
[0.39736344 0.60263656]
[0.10146377 0.89853623]
[0.087174 0.912826]
[0.09443233 0.90556767]
[0.38766165 0.61233835]
[0.27115683 0.72884317]
[0.11066895 0.88933105]
[0.22656058 0.77343942]
[0.34052517 0.65947483]
[0.10956908 0.89043092]
[0.40560409 0.59439591]
[0.48443908 0.51556092]
[0.00899875 0.99100125]
[0.36109497 0.63890503]
[0.45326276 0.54673724]
[0.56273726 0.43726274]
[0.42056653 0.57943347]
[0.1610953 0.8389047]
[0.41276184 0.58723816]
[0.17764868 0.82235132]
[0.46063763 0.53936237]
[0.15734623 0.84265377]
[0.14365577 0.85634423]
[0.22880106 0.77119894]
[0.35121227 0.64878773]
[0.493585 0.506415]
[0.21096551 0.78903449]
[0.26656455 0.73343545]
[0.18085005 0.81914995]
[0.19455621 0.80544379]
[0.33533069 0.66466931]
[0.22940404 0.77059596]
[0.46090167 0.53909833]
[0.35864752 0.64135248]
[0.45729651 0.54270349]
[0.40939624 0.59060376]
[0.14865308 0.85134692]
[0.08987695 0.91012305]
[0.2787009 0.7212991]
[0.43244863 0.56755137]
[0.12699163 0.87300837]
[0.19998558 0.80001442]
[0.05317433 0.94682567]
[0.15601398 0.84398602]
[0.10847454 0.89152546]
[0.25538088 0.74461912]
[0.50973449 0.49026551]
[0.30894695 0.69105305]
[0.4868258 0.5131742]
[0.0469014 0.9530986]
[0.45918692 0.54081308]
[0.38460878 0.61539122]
[0.17888787 0.82111213]
[0.22063759 0.77936241]
[0.34236121 0.65763879]
[0.41380491 0.58619509]
[0.35698853 0.64301147]
[0.52126253 0.47873747]
[0.40461038 0.59538962]
[0.23240412 0.76759588]
[0.27492288 0.72507712]
[0.17408642 0.82591358]
[0.35682337 0.64317663]
[0.31588712 0.68411288]
[0.14687987 0.85312013]
[0.14994404 0.85005596]
[0.14115488 0.85884512]
[0.33204295 0.66795705]
[0.14205723 0.85794277]
[0.03242585 0.96757415]
[0.14921636 0.85078364]
[0.17693488 0.82306512]
[0.2600373 0.7399627]
[0.37813301 0.62186699]
[0.21410115 0.78589885]
[0.33437144 0.66562856]
[0.02318772 0.97681228]
[0.40192378 0.59807622]
[0.14362145 0.85637855]
[0.40573512 0.59426488]
[0.18846841 0.81153159]
[0.13793673 0.86206327]
[0.41404811 0.58595189]
[0.25076695 0.74923305]
[0.13839722 0.86160278]
[0.04111817 0.95888183]
[0.10446763 0.89553237]
[0.16555736 0.83444264]
[0.24464739 0.75535261]
[0.05618939 0.94381061]
[0.48936612 0.51063388]
[0.19259505 0.80740495]
[0.52958371 0.47041629]
[0.31185608 0.68814392]
[0.35491821 0.64508179]
[0.30800907 0.69199093]
[0.36846328 0.63153672]
[0.33448259 0.66551741]
[0.19383949 0.80616051]
[0.09463299 0.90536701]
[0.34815224 0.65184776]
[0.20058657 0.79941343]
[0.44630076 0.55369924]
[0.0668341 0.9331659]
[0.30319694 0.69680306]
[0.10696257 0.89303743]
[0.36894338 0.63105662]
[0.24025877 0.75974123]
[0.30826703 0.69173297]
[0.24474789 0.75525211]
[0.32806621 0.67193379]
[0.24060679 0.75939321]
[0.05476705 0.94523295]
[0.15849861 0.84150139]
[0.39229845 0.60770155]
[0.0901302 0.9098698]
[0.03310868 0.96689132]
[0.16067757 0.83932243]
[0.178606 0.821394]
[0.18291672 0.81708328]
[0.07769994 0.92230006]
[0.41148905 0.58851095]
[0.37809949 0.62190051]
[0.25294762 0.74705238]
[0.34858471 0.65141529]
[0.20258206 0.79741794]
[0.29512708 0.70487292]
[0.2555678 0.7444322]
[0.34866821 0.65133179]
[0.37359407 0.62640593]
[0.34311858 0.65688142]
[0.20637122 0.79362878]
[0.45764493 0.54235507]
[0.25107872 0.74892128]
[0.23730313 0.76269687]
[0.28495737 0.71504263]
[0.08219934 0.91780066]
[0.41954205 0.58045795]
[0.36897428 0.63102572]
[0.20286464 0.79713536]
[0.29066875 0.70933125]
[0.3874129 0.6125871]
[0.43037725 0.56962275]
[0.34546398 0.65453602]
[0.31297953 0.68702047]
[0.29136477 0.70863523]
[0.15468763 0.84531237]
[0.08775771 0.91224229]
[0.45630384 0.54369616]
[0.52623703 0.47376297]
[0.42426284 0.57573716]
[0.29123894 0.70876106]
[0.09635514 0.90364486]
[0.33671836 0.66328164]
[0.15650273 0.84349727]
[0.27348138 0.72651862]
[0.14350459 0.85649541]
[0.42968933 0.57031067]
[0.20442019 0.79557981]
[0.49648056 0.50351944]
[0.08370302 0.91629698]
[0.29776636 0.70223364]
[0.10657409 0.89342591]
[0.28359359 0.71640641]
[0.19896584 0.80103416]
[0.09416523 0.90583477]
[0.36144401 0.63855599]
[0.18943377 0.81056623]
[0.26425232 0.73574768]
[0.47717793 0.52282207]
[0.15607531 0.84392469]
[0.22503386 0.77496614]
[0.35128842 0.64871158]
[0.46592607 0.53407393]
[0.21713126 0.78286874]
[0.27673384 0.72326616]
[0.30131915 0.69868085]
[0.34887317 0.65112683]
[0.01109361 0.98890639]
[0.06184902 0.93815098]
[0.31231001 0.68768999]
[0.41656184 0.58343816]
[0.11116422 0.88883578]
[0.34446302 0.65553698]
[0.42542765 0.57457235]
[0.44308197 0.55691803]
[0.38043494 0.61956506]
[0.38731782 0.61268218]
[0.40726084 0.59273916]
[0.017125 0.982875]
[0.21243377 0.78756623]
[0.0750938 0.9249062]
[0.34638843 0.65361157]
[0.37591287 0.62408713]
[0.23011203 0.76988797]
[0.39645162 0.60354838]
[0.40076026 0.59923974]
[0.16464389 0.83535611]
[0.19653489 0.80346511]
[0.33306745 0.66693255]
[0.52792526 0.47207474]
[0.33488191 0.66511809]
[0.14858308 0.85141692]
[0.39760022 0.60239978]
[0.53070212 0.46929788]
[0.319114 0.680886]
[0.26434526 0.73565474]
[0.20459604 0.79540396]
[0.12028228 0.87971772]
[0.35026525 0.64973475]
[0.10782499 0.89217501]
[0.44518315 0.55481685]
[0.46832302 0.53167698]
[0.42057561 0.57942439]
[0.49088701 0.50911299]
[0.41281985 0.58718015]
[0.25866586 0.74133414]
[0.35887345 0.64112655]
[0.05455162 0.94544838]
[0.3523172 0.6476828]
[0.2418579 0.7581421]
[0.17775447 0.82224553]
[0.33347861 0.66652139]
[0.05011979 0.94988021]
[0.21399386 0.78600614]
[0.12849866 0.87150134]
[0.28912293 0.71087707]
[0.23786587 0.76213413]
[0.36868483 0.63131517]
[0.3142605 0.6857395]
[0.02909407 0.97090593]
[0.1416556 0.8583444]
[0.30685263 0.69314737]
[0.37298414 0.62701586]
[0.35309436 0.64690564]
[0.23929185 0.76070815]
[0.17878762 0.82121238]
[0.35373642 0.64626358]
[0.37435521 0.62564479]
[0.32564776 0.67435224]
[0.36675127 0.63324873]
[0.15693754 0.84306246]
[0.42780015 0.57219985]
[0.41701188 0.58298812]
[0.09958495 0.90041505]
[0.05581078 0.94418922]
[0.40605799 0.59394201]
[0.01874858 0.98125142]
[0.15884445 0.84115555]
[0.41848228 0.58151772]
[0.39296238 0.60703762]
[0.17869847 0.82130153]
[0.16771022 0.83228978]
[0.36802183 0.63197817]
[0.34366909 0.65633091]
[0.47053989 0.52946011]
[0.29752833 0.70247167]
[0.15533206 0.84466794]
[0.35387394 0.64612606]
[0.30716113 0.69283887]
[0.12867821 0.87132179]
[0.3502948 0.6497052]
[0.3968187 0.6031813]
[0.16132765 0.83867235]
[0.25969231 0.74030769]
[0.22134287 0.77865713]
[0.11176615 0.88823385]
[0.26318546 0.73681454]
[0.07791013 0.92208987]
[0.13201903 0.86798097]
[0.34132568 0.65867432]
[0.28708975 0.71291025]
[0.19724565 0.80275435]
[0.26032118 0.73967882]
[0.47236577 0.52763423]
[0.36649687 0.63350313]
[0.02461524 0.97538476]
[0.34665459 0.65334541]
[0.26739292 0.73260708]
[0.09989222 0.90010778]
[0.28861462 0.71138538]
[0.24098849 0.75901151]
[0.17609851 0.82390149]
[0.4196365 0.5803635]
[0.36732356 0.63267644]
[0.40630649 0.59369351]
[0.42149119 0.57850881]
[0.17695969 0.82304031]
[0.35576824 0.64423176]
[0.44743971 0.55256029]
[0.33030483 0.66969517]
[0.35855095 0.64144905]
[0.41214763 0.58785237]
[0.38006269 0.61993731]
[0.39483277 0.60516723]
[0.33936711 0.66063289]
[0.24183344 0.75816656]
[0.12606372 0.87393628]
[0.44935694 0.55064306]
[0.2245038 0.7754962]
[0.16561824 0.83438176]
[0.32959685 0.67040315]
[0.42199652 0.57800348]
[0.43421456 0.56578544]
[0.26938391 0.73061609]
[0.04940712 0.95059288]
[0.19079614 0.80920386]
[0.33848288 0.66151712]
[0.13129827 0.86870173]
[0.13892529 0.86107471]
[0.25543798 0.74456202]
[0.29356161 0.70643839]
[0.32581906 0.67418094]
[0.48941617 0.51058383]
[0.28096858 0.71903142]
[0.38029793 0.61970207]
[0.4296274 0.5703726]
[0.38478782 0.61521218]
[0.35839578 0.64160422]
[0.20119769 0.79880231]
[0.4084874 0.5915126]
[0.09741088 0.90258912]
[0.4930167 0.5069833]
[0.32772406 0.67227594]
[0.02668512 0.97331488]
[0.54940199 0.45059801]
[0.21279498 0.78720502]
[0.40940645 0.59059355]
[0.38549227 0.61450773]
[0.19037682 0.80962318]
[0.30949367 0.69050633]
[0.49685082 0.50314918]
[0.22816543 0.77183457]
[0.3261187 0.6738813]
[0.26882081 0.73117919]
[0.05691585 0.94308415]
[0.43383267 0.56616733]
[0.52184631 0.47815369]
[0.35550506 0.64449494]
[0.26215556 0.73784444]
[0.10904451 0.89095549]
[0.21158817 0.78841183]
[0.40123141 0.59876859]
[0.26684367 0.73315633]
[0.42125076 0.57874924]
[0.29899392 0.70100608]
[0.52549143 0.47450857]
[0.30566822 0.69433178]
[0.05321222 0.94678778]
[0.4587435 0.5412565]
[0.22840916 0.77159084]
[0.22226803 0.77773197]
[0.36673974 0.63326026]
[0.30071038 0.69928962]
[0.34830268 0.65169732]
[0.32450604 0.67549396]
[0.44354124 0.55645876]
[0.41937441 0.58062559]
[0.46022276 0.53977724]
[0.38130569 0.61869431]
[0.37438924 0.62561076]
[0.08339898 0.91660102]
[0.12116612 0.87883388]
[0.28818515 0.71181485]
[0.43311464 0.56688536]
[0.00408469 0.99591531]
[0.17624543 0.82375457]
[0.51404359 0.48595641]
[0.37812158 0.62187842]
[0.45654654 0.54345346]
[0.32592076 0.67407924]
[0.37880949 0.62119051]
[0.36038145 0.63961855]
[0.34537292 0.65462708]
[0.15602654 0.84397346]
[0.41570858 0.58429142]
[0.2753401 0.7246599]
[0.24442989 0.75557011]
[0.15569028 0.84430972]
[0.07320729 0.92679271]
[0.51023938 0.48976062]
[0.09551143 0.90448857]
[0.08836568 0.91163432]
[0.2638359 0.7361641]
[0.32889084 0.67110916]
[0.44761872 0.55238128]
[0.38448386 0.61551614]
[0.32498675 0.67501325]
[0.24512111 0.75487889]
[0.44477854 0.55522146]
[0.12562757 0.87437243]
[0.20231373 0.79768627]
[0.18228158 0.81771842]
[0.29002442 0.70997558]
[0.25846066 0.74153934]
[0.15380299 0.84619701]
[0.3059849 0.6940151]
[0.42512019 0.57487981]
[0.39817572 0.60182428]
[0.1214536 0.8785464]
[0.18084337 0.81915663]
[0.24487864 0.75512136]
[0.10663202 0.89336798]
[0.26581334 0.73418666]
[0.50812298 0.49187702]
[0.19692306 0.80307694]
[0.42727074 0.57272926]
[0.33098182 0.66901818]
[0.42182569 0.57817431]
[0.30795824 0.69204176]
[0.16655277 0.83344723]
[0.31502654 0.68497346]
[0.16775348 0.83224652]
[0.15779463 0.84220537]
[0.40534899 0.59465101]
[0.11824448 0.88175552]
[0.1997817 0.8002183]
[0.35005969 0.64994031]
[0.25205964 0.74794036]
[0.48153315 0.51846685]
[0.45257821 0.54742179]
[0.07151339 0.92848661]
[0.41071208 0.58928792]
[0.35943003 0.64056997]
[0.2284494 0.7715506]
[0.4044535 0.5955465]
[0.11131278 0.88868722]
[0.14450598 0.85549402]
[0.3791227 0.6208773]
[0.19573423 0.80426577]
[0.27243619 0.72756381]
[0.39396716 0.60603284]
[0.20518676 0.79481324]
[0.27072171 0.72927829]
[0.19323197 0.80676803]
[0.43102457 0.56897543]
[0.24936777 0.75063223]
[0.18325233 0.81674767]
[0.40696973 0.59303027]
[0.23724482 0.76275518]
[0.26481908 0.73518092]
[0.33368439 0.66631561]
[0.15302451 0.84697549]
[0.26176606 0.73823394]
[0.19333388 0.80666612]
[0.35634787 0.64365213]
[0.36462855 0.63537145]
[0.41609725 0.58390275]
[0.31791808 0.68208192]
[0.13559766 0.86440234]
[0.16803396 0.83196604]
[0.33432958 0.66567042]
[0.29338358 0.70661642]
[0.43750756 0.56249244]
[0.17931225 0.82068775]
[0.1965754 0.8034246]
[0.33075378 0.66924622]
[0.38630668 0.61369332]
[0.17946403 0.82053597]
[0.09528645 0.90471355]
[0.48484519 0.51515481]
[0.51743404 0.48256596]
[0.25108361 0.74891639]
[0.27548526 0.72451474]
[0.26679936 0.73320064]
[0.38084836 0.61915164]
[0.26231146 0.73768854]
[0.18560024 0.81439976]
[0.26772605 0.73227395]
[0.25228649 0.74771351]
[0.19097341 0.80902659]
[0.09873907 0.90126093]
[0.45538696 0.54461304]
[0.4303034 0.5696966]
[0.41499332 0.58500668]
[0.13006175 0.86993825]
[0.39711832 0.60288168]
[0.20185696 0.79814304]
[0.19847118 0.80152882]
[0.29863122 0.70136878]
[0.26542672 0.73457328]
[0.25261353 0.74738647]
[0.23594589 0.76405411]
[0.41691487 0.58308513]
[0.10411778 0.89588222]
[0.23541319 0.76458681]
[0.39079116 0.60920884]
[0.33821043 0.66178957]
[0.26033147 0.73966853]
[0.02725669 0.97274331]
[0.27894041 0.72105959]
[0.39907634 0.60092366]
[0.23678389 0.76321611]
[0.49968924 0.50031076]
[0.19596997 0.80403003]
[0.4861897 0.5138103]
[0.42124395 0.57875605]
[0.11028433 0.88971567]
[0.44521457 0.55478543]
[0.29729325 0.70270675]
[0.24053882 0.75946118]
[0.52603975 0.47396025]
[0.3342934 0.6657066]
[0.31546071 0.68453929]
[0.05396469 0.94603531]
[0.33620676 0.66379324]
[0.28220545 0.71779455]
[0.30154753 0.69845247]
[0.39453228 0.60546772]
[0.24950777 0.75049223]
[0.27281308 0.72718692]
[0.26951546 0.73048454]
[0.06410011 0.93589989]
[0.44481986 0.55518014]
[0.28893433 0.71106567]
[0.35470367 0.64529633]
[0.40569139 0.59430861]
[0.43053932 0.56946068]
[0.07368516 0.92631484]
[0.32062276 0.67937724]
[0.007172 0.992828]
[0.35988701 0.64011299]
[0.12421858 0.87578142]
[0.49057925 0.50942075]
[0.2023308 0.7976692]
[0.24031309 0.75968691]
[0.15999531 0.84000469]
[0.47000535 0.52999465]
[0.27577816 0.72422184]
[0.37225042 0.62774958]
[0.46637819 0.53362181]
[0.01822523 0.98177477]
[0.37419835 0.62580165]
[0.26522478 0.73477522]
[0.19231848 0.80768152]
[0.06494309 0.93505691]
[0.33593697 0.66406303]
[0.33804165 0.66195835]
[0.22061844 0.77938156]
[0.30556003 0.69443997]
[0.44750073 0.55249927]
[0.27592703 0.72407297]
[0.46044678 0.53955322]
[0.2261697 0.7738303]
[0.0789057 0.9210943]
[0.4105586 0.5894414]
[0.16005699 0.83994301]
[0.06721228 0.93278772]
[0.4667941 0.5332059]
[0.2682187 0.7317813]
[0.13799442 0.86200558]
[0.19546765 0.80453235]
[0.42806973 0.57193027]
[0.15719962 0.84280038]
[0.18710157 0.81289843]
[0.38469198 0.61530802]
[0.40337002 0.59662998]
[0.45122935 0.54877065]
[0.43914865 0.56085135]
[0.30557835 0.69442165]
[0.36400621 0.63599379]
[0.21911503 0.78088497]
[0.33533517 0.66466483]
[0.34135118 0.65864882]
[0.34300942 0.65699058]
[0.4347714 0.5652286]
[0.49264333 0.50735667]
[0.37064581 0.62935419]
[0.35346495 0.64653505]
[0.04956369 0.95043631]
[0.2970717 0.7029283]
[0.31313293 0.68686707]
[0.42917185 0.57082815]
[0.55186609 0.44813391]
[0.39430763 0.60569237]
[0.36100783 0.63899217]
[0.29529507 0.70470493]
[0.1605809 0.8394191]
[0.13286783 0.86713217]
[0.18571586 0.81428414]
[0.14516869 0.85483131]
[0.41412205 0.58587795]
[0.35357231 0.64642769]
[0.30228806 0.69771194]
[0.30294083 0.69705917]
[0.30438062 0.69561938]
[0.27265955 0.72734045]
[0.50800313 0.49199687]
[0.0736018 0.9263982]
[0.40464634 0.59535366]
[0.4674063 0.5325937]
[0.3722263 0.6277737]
[0.40572099 0.59427901]
[0.2363285 0.7636715]
[0.2683163 0.7316837]
[0.41660896 0.58339104]
[0.09524876 0.90475124]
[0.35067996 0.64932004]
[0.25736439 0.74263561]
[0.26209957 0.73790043]
[0.50389363 0.49610637]
[0.30758525 0.69241475]
[0.49608474 0.50391526]
[0.21173465 0.78826535]
[0.24498211 0.75501789]
[0.47024702 0.52975298]
[0.08487629 0.91512371]
[0.32536979 0.67463021]
[0.23035271 0.76964729]
[0.20646114 0.79353886]
[0.27247786 0.72752214]
[0.26967873 0.73032127]
[0.31465256 0.68534744]
[0.07009009 0.92990991]
[0.41889718 0.58110282]
[0.26084012 0.73915988]
[0.22986387 0.77013613]
[0.41598722 0.58401278]
[0.24364458 0.75635542]
[0.023881 0.976119]
[0.21694782 0.78305218]
[0.02083733 0.97916267]
[0.25392827 0.74607173]
[0.04945743 0.95054257]
[0.188183 0.811817]
[0.45470282 0.54529718]
[0.29865662 0.70134338]
[0.25000131 0.74999869]
[0.43663367 0.56336633]
[0.38823123 0.61176877]
[0.24898496 0.75101504]
[0.41422118 0.58577882]
[0.43343507 0.56656493]
[0.43731347 0.56268653]
[0.25253939 0.74746061]
[0.04761269 0.95238731]
[0.15875864 0.84124136]
[0.04134639 0.95865361]
[0.04534697 0.95465303]
[0.14784155 0.85215845]
[0.0906843 0.9093157]
[0.08252214 0.91747786]
[0.18006233 0.81993767]
[0.18190795 0.81809205]
[0.2169667 0.7830333]
[0.38476158 0.61523842]
[0.27915393 0.72084607]
[0.49062614 0.50937386]
[0.19220012 0.80779988]
[0.47714149 0.52285851]
[0.33845646 0.66154354]
[0.18741947 0.81258053]
[0.48640812 0.51359188]
[0.10670108 0.89329892]
[0.13273037 0.86726963]
[0.08573781 0.91426219]
[0.03105912 0.96894088]
[0.24341127 0.75658873]
[0.33014504 0.66985496]
[0.17219833 0.82780167]
[0.06208592 0.93791408]
[0.51332669 0.48667331]
[0.19160787 0.80839213]
[0.07200228 0.92799772]
[0.41782633 0.58217367]
[0.03217893 0.96782107]
[0.42085582 0.57914418]
[0.27898433 0.72101567]
[0.50087867 0.49912133]
[0.05479688 0.94520312]
[0.03275601 0.96724399]
[0.35093018 0.64906982]
[0.23273022 0.76726978]
[0.17998466 0.82001534]
[0.20643743 0.79356257]
[0.22096498 0.77903502]
[0.08130434 0.91869566]
[0.42632031 0.57367969]
[0.50285576 0.49714424]
[0.46431408 0.53568592]
[0.02872102 0.97127898]
[0.42982333 0.57017667]
[0.41612658 0.58387342]
[0.33922415 0.66077585]
[0.17609502 0.82390498]
[0.23627753 0.76372247]
[0.0640693 0.9359307]
[0.26537076 0.73462924]
[0.38344484 0.61655516]
[0.17434435 0.82565565]
[0.29165135 0.70834865]
[0.09418339 0.90581661]
[0.12201676 0.87798324]
[0.45845185 0.54154815]
[0.10699196 0.89300804]
[0.1459115 0.8540885]
[0.26316138 0.73683862]
[0.09392626 0.90607374]
[0.40197063 0.59802937]
[0.48074844 0.51925156]
[0.12862747 0.87137253]
[0.14285555 0.85714445]
[0.28442347 0.71557653]
[0.23186204 0.76813796]
[0.14873927 0.85126073]
[0.00323145 0.99676855]
[0.1193973 0.8806027]
[0.10123058 0.89876942]
[0.24390612 0.75609388]
[0.13503338 0.86496662]
[0.270778 0.729222]
[0.13217733 0.86782267]
[0.07927865 0.92072135]
[0.2112974 0.7887026]
[0.34402983 0.65597017]
[0.08357677 0.91642323]
[0.18433623 0.81566377]
[0.80291126 0.19708874]
[0.80127911 0.19872089]
[0.85600449 0.14399551]
[0.79189202 0.20810798]
[0.78609127 0.21390873]
[0.82142234 0.17857766]
[0.78390743 0.21609257]
[0.78951174 0.21048826]
[0.77009935 0.22990065]
[0.84289294 0.15710706]
[0.78688559 0.21311441]
[0.73871263 0.26128737]
[0.7606095 0.2393905]
[0.78998803 0.21001197]
[0.78335542 0.21664458]
[0.73852324 0.26147676]
[0.7352645 0.2647355]
[0.73030161 0.26969839]
[0.78976582 0.21023418]
[0.7872175 0.2127825]
[0.7407536 0.2592464]
[0.80130415 0.19869585]
[0.81719422 0.18280578]
[0.7509954 0.2490046]
[0.76026156 0.23973844]
[0.78608307 0.21391693]
[0.79289229 0.20710771]
[0.74592758 0.25407242]
[0.81103497 0.18896503]
[0.77635216 0.22364784]
[0.7533408 0.2466592]
[0.79735214 0.20264786]
[0.76065274 0.23934726]
[0.81199527 0.18800473]
[0.75614093 0.24385907]
[0.76593363 0.23406637]
[0.70136854 0.29863146]
[0.80729667 0.19270333]
[0.7843093 0.2156907]
[0.8082041 0.1917959]
[0.81414821 0.18585179]
[0.75538972 0.24461028]
[0.80787244 0.19212756]
[0.74261459 0.25738541]
[0.79796558 0.20203442]
[0.73765026 0.26234974]
[0.73265883 0.26734117]
[0.82282656 0.17717344]
[0.77573111 0.22426889]
[0.7763576 0.2236424]
[0.77610861 0.22389139]
[0.79337221 0.20662779]
[0.67737905 0.32262095]
[0.84516329 0.15483671]
[0.77522514 0.22477486]
[0.77661758 0.22338242]
[0.79823716 0.20176284]
[0.83905568 0.16094432]
[0.80478407 0.19521593]
[0.77266392 0.22733608]
[0.83200004 0.16799996]
[0.82640614 0.17359386]
[0.82335696 0.17664304]
[0.88892558 0.11107442]
[0.76576911 0.23423089]
[0.90610566 0.09389434]
[0.83395654 0.16604346]
[0.80184745 0.19815255]
[0.82930514 0.17069486]
[0.85075538 0.14924462]
[0.77761671 0.22238329]
[0.89909581 0.10090419]
[0.79499945 0.20500055]
[0.88225746 0.11774254]
[0.83320206 0.16679794]
[0.73750544 0.26249456]
[0.7605219 0.2394781]
[0.8249139 0.1750861]
[0.8070764 0.1929236]
[0.86546217 0.13453783]
[0.80723532 0.19276468]
[0.79586621 0.20413379]
[0.82266274 0.17733726]
[0.86389618 0.13610382]
[0.95694771 0.04305229]
[0.78002894 0.21997106]
[0.90568645 0.09431355]
[0.88390402 0.11609598]
[0.76286225 0.23713775]
[0.87778993 0.12221007]
[0.93626437 0.06373563]
[0.89332637 0.10667363]
[0.87986998 0.12013002]
